2 11 7 3 0 5 8 10 1 4 9 6
9 10 7 5 0 6 11 3 4 2 1 8 
5 3 0 6 11 7 4 10 1 8 9 2 
8 11 1 5 10 0 6 2 3 9 4 7 
5 10 6 3 7 2 8 0 9 11 1 4
2 8 9 7 3 5 6 11 10 0 1 4 
1 11 10 8 3 4 5 0 7 6 2 9
6 5 1 3 7 9 2 10 0 4 8 11
5 8 2 7 3 11 1 4 0 6 10 9 
4 1 9 10 5 8 2 7 3 6 0 11 
5 3 8 11 7 1 4 6 0 9 2 10
9 7 1 2 8 10 4 3 11 6 0 5 
1 7 9 0 5 4 8 2 6 3 11 10
0 3 9 6 4 2 5 8 1 11 10 7 
6 5 3 1 8 10 2 7 9 4 11 0
6 9 10 4 3 1 7 11 8 0 2 5
5 6 7 1 2 0 4 11 3 10 9 8
2 4 8 5 9 6 3 11 1 0 7 10
10 4 6 5 1 9 3 0 7 8 2 11
0 6 8 1 2 4 7 5 9 10 11 3
3 5 6 4 10 0 8 9 2 11 7 1 
8 11 5 7 10 1 9 2 4 0 3 6 
8 9 0 11 1 6 3 10 7 4 2 5 
11 7 8 2 9 4 6 5 1 0 3 10